91839 UN ANGIEN TEXTE LATlN DES ACTES Dus APOTRES.

111. - 0000001101 11 0101011111 10011,

On 0011001010 pas 00010111 011 manuscrit, 009110 au 11010100101901 90100010
1100 011110991091110 00001 0111101100 1900 00110 du manuscrit 11οΡ019119000. 110 1901
1111011100 11011101 110 0011010111011900110990111 11011001 10110 10110 01 00 19111
1009010010 pour 10 0011101110 10001110 00110 0111109109110, 0’001 1900110 00111
9100 prus 1011111010 11000 100100 100 91011100 du 11110 1100110100, 1900110190οΠ 0011

1011991110, 01110119110 110110 100 11911100 0011101119000. 0001 00 1901 00001011011110-

1011· 110 11110 quelques 10010110101111091091110 01 110 10 9111911110 110 11110 1100
110100. N 0110 9000111000 11011001001190001001 000 0101091100 11000 100 parties 11001
10 10110 001 01101011.

’111111 1110 1900 10 9101110010 00100001 0001001 0000100 au 1001 1101000100 90100,
111100, 111111 11010 111000, 1191111100, 000111, 1011010110110001, 011111 00 11100100111110
9101091100010,110010Ηο010,10900000110100001100100111000,1111091910,0090011110,
9101110001100, 9100100, 91011111111111011010, 9009001110, 91001011101011, 9000011010, 001-
01010, 0110001111110, (9111011111, 111190111111101101019, 100 01010 0010910000 01 0001110111,
00009110101000001111011 0110 9101110010 00111 10 91100 0001001 (1000019000οι 01
1109111111, 1111 1101111, 1111 10010, 1111 110110, 11 191100, 0011 11011010, 0011 01110111, 0011 10011110-
00111, 1·01111011101101,1110911111,1 1101110101, 1011011110, 111111 11,11 10110, 111101 111111·
,910111101100011101100 10 0191110100, 1111101111, 11111 10 910111, 111000910109110, 110010,
111011119011,91110111111 900, 1·1 00110 010100 101101, 1111910 fact 1 111001 910, 1111 9110. 000111
1011000 1111101011 1100111010 0010110010 1100010 0010011001,

Υ110101 10 1011100011009111001910100 01101011000 (9110110110 010110101001190100 z

1 91011111 1119001110100110· 910, 31),

191101110111111009111, 109,

0911)·01··;11 11101111091,119

1091001100101119111139κ-1101·1111191111,519.

19101110011111001091,119.
11910011;1110111“11,111011111011010911·10109.-110111101119111,1119.--·’9001001111191010109,
19·0010· 1111111101111191, 11,-19 00111111111190,199

0910111· 0οῑ 1100110111 ’911, 19-1010110 901, 2919.

91001011 0011011191117010.9.- 9110011901011μ-9 9011101001, 91111010 009111, 8999,
00910010 00111111 11191, 1179 -000110019011, 11- 1000111 1110 911, 79

09101111ῑ 001111101001101900010910101,9110119111, 119-00010011·1011901,18,0111119119,

— 1·1·111111010 0111 111 J1v 2J.

1⁸,

 

