11 11111111 1111111111. · 11111

11111111111111111111111111111111111111111,18,111111111111(1111,111 30),
11111 (11 1’111111111111 ,1111 1111111111 011111111111111111111 11111 1111111111.·1111 111, 1111111111 ,
11111111,1111111111111111111111111111,1111111111111111111111, 18101111111111111-
51'01'11: 1, 351 1111111111 11111111111.· 11, 11 115 1111111111· 11, 111 1111111111111111111111111111ι
11, 111 1111111111111 1111111111( .· 111, 15113111111111111111111111111111111.· 1111, 5 111).

1301111111 10111111 111 111011, 110115 1105510115 (1111111111 (1111111111) 11 11111111111111
(11 111 111.) 111111101 11111111111111, 1111111111 11111111111’,11,111 15, 351 1, 511, 11
1111111111111111111111111,11)111·1111111111111110111111111111115111111111111
111111111111111),111111111111111 aussi 111111111111111111101111 : 11, 11 111), 1011111111(-
11111111111111111110111 111,111,) 111111111111111111),1111111111111111111,111),.111111’1111’1- ,
51111115 111Τ115Η111111,118), 111111111111111111111111111111 1111111). 10111 555 111-Ὶ
11151155 110115111511511555115 1101111,11111111111 n15l50 11111 50i5 1’1’ 1111111115 110111 15155
1011 11111111 premier 5ssai 111 111111111011. C'est 511 1111111111 111111 (1’111111111111,
11111 111 1115101111111115101111111111111111111 11111 pius 555511555 5 i'5gard
1111 111055 grecs 50111 aussi 111 plus 5110i5111155. En 55 ε1115,11111111111011111111111
11111111111111111111111111111011111 111111 1111110111 propre Dorcas, (1111111111111, 311, 311 J

Les 1101115 propres pr5551155115, (1111110111 manuscrit, plus 15'11115 1111111111-
ri55. Le 110111 111 J5sus, 1’11111101111111111111 1111111111 011110111111111111111111111
,1011111111’11’111111111’111111111, 133). 01111111111111, 8110,),1111111111111,13),
1(1111111111.,11’11) ’ ,11111111 3611111) 1011111111, (1,,13) 1111111111, 111),1111111111111,11

15,1)1’11·111111’1111’,(1 35),111111111111111111,11 11),1111111111111,13),1111111111(11,1,11)
11011111111)11,1111111111011111111111111111111111011111111111111111,1111)111111111111111111
10111111111111111111111111,11),110111111111111111111111110111 55011r 111111111111111111111,

111) 111110101111111111,,15)1’111111111’111111111111(11,1),111111111111111,11),11111110-
111111111)11111111111111(111111,11)11111111111111111111111(11,11,11),
1111111111 31111111 J1, 13 510J,111 (1111111111 1110. (11, 38111). 0111111111 11111 1111111111·
J1, 111111111111111111111,10)1111“1·111111, 10)

01111111 11111101110111 1’01111011111111 111 110111 11111 1101511011110-1-1111 pour 5011
0111111111

Les 110111111111115, par 1111111111 111111111111111 50111111511551, dirigent 1111-
1115155151115115 1111111 regard 1515 i⁷Espag115 : 11111111 111 se 15115011515, parmi 111

J¹¹1 Le Ρ11111111111111 de 17111111, 11, 111. - 121 5111· 11111 01111011111111110111111111131101111,Ν. Τ,,
(111 11111111, 1, 1. Elio 111, 11110111111110111· 11 nom 1111111111, mais g51151'11ien15115 1511111011· 11111111
505115'.

 

